x1,x2,class
0.033513,0.035392,1
0.033646,0.35203,1
0.20149,0.63266,1
0.13119,0.75911,1
0.23606,0.81194,1
0.24709,1.1746,1
0.10247,1.2643,1
0.092797,1.5727,1
0.056714,1.6908,1
0.11151,1.9355,1
0.066555,2.0555,1
0.11477,2.4264,1
0.10823,2.4934,1
0.064906,2.6197,1
0.033429,2.8077,1
0.10481,3.1567,1
0.12672,3.4342,1
0.081081,3.48,1
0.17117,3.7863,1
0.11077,3.8722,1
0.10892,4.0311,1
0.19826,4.3285,1
0.20389,4.4969,1
0.18803,4.8447,1
0.19731,4.873,1
0.12532,5.1481,1
0.1388,5.3428,1
0.15769,5.554,1
0.024497,5.7402,1
0.061419,5.87,1
0.15393,6.038,1
0.07624,6.3833,1
0.19174,6.4099,1
0.066807,6.8004,1
0.0098766,6.9016,1
0.07414,7.2075,1
0.13909,7.4428,1
0.24227,7.5056,1
0.17228,7.6135,1
0.17947,7.9968,1
0.13976,8.1575,1
0.13334,8.3272,1
0.21893,8.5419,1
0.098275,8.6773,1
0.11452,8.9868,1
0.052061,9.0842,1
0.18932,9.4208,1
0.13667,9.4834,1
0.089347,9.799,1
0.17525,10.001,1
0.027306,10.013,1
0.20165,0.10063,1
0.34933,0.4413,1
0.36479,0.50359,1
0.345,0.68263,1
0.42749,0.95909,1
0.359,1.2145,1
0.33139,1.3971,1
0.26491,1.5346,1
0.21279,1.7854,1
0.38299,1.9849,1
0.24107,2.1112,1
0.2701,2.4126,1
0.26486,2.5236,1
0.33677,2.837,1
0.33532,2.9994,1
0.39703,3.0333,1
0.4174,3.2594,1
0.39689,3.4319,1
0.44236,3.7335,1
0.24512,3.8142,1
0.43265,4.1171,1
0.21129,4.4457,1
0.26016,4.5706,1
0.20221,4.8177,1
0.3679,4.9241,1
0.4262,5.0719,1
0.3431,5.2458,1
0.23887,5.6403,1
0.32559,5.7891,1
0.34193,6.0376,1
0.24707,6.1678,1
0.28105,6.2465,1
0.37901,6.4725,1
0.33823,6.6146,1
0.23557,6.811,1
0.29509,7.0699,1
0.29914,7.2426,1
0.34419,7.5693,1
0.20485,7.8256,1
0.3444,7.888,1
0.43305,8.025,1
0.22672,8.3983,1
0.38304,8.5171,1
0.44263,8.7718,1
0.35222,8.9708,1
0.37992,9.1054,1
0.27569,9.3648,1
0.31476,9.5584,1
0.21201,9.7313,1
0.29634,9.8478,1
0.29043,10.128,0
0.4719,0.18708,1
0.60418,0.30496,1
0.51263,0.58437,1
0.60166,0.77162,1
0.59754,1.0389,1
0.47074,1.077,1
0.41708,1.2856,1
0.41373,1.4968,1
0.55938,1.6065,1
0.50607,1.9584,1
0.62638,2.1413,1
0.50433,2.2914,1
0.43851,2.5054,1
0.535,2.7156,1
0.63427,2.8786,1
0.56524,3.0564,1
0.49866,3.229,1
0.46475,3.4335,1
0.61198,3.8366,1
0.63626,3.9231,1
0.49425,4.1871,1
0.41682,4.2777,1
0.4454,4.4019,1
0.54394,4.7539,1
0.44647,4.8894,1
0.47286,5.1622,1
0.51542,5.4115,1
0.48674,5.4253,1
0.47954,5.7471,1
0.51498,5.9456,1
0.45897,6.1305,1
0.40694,6.3136,1
0.56461,6.6417,1
0.4397,6.6456,1
0.60067,6.9398,1
0.50214,7.1566,1
0.48185,7.2075,1
0.5865,7.5606,1
0.58659,7.8095,1
0.44349,7.8988,1
0.42939,8.1093,1
0.44351,8.2212,1
0.55685,8.5453,1
0.61047,8.8179,1
0.52752,8.8517,1
0.44144,9.0237,1
0.57858,9.247,1
0.62676,9.567,1
0.45463,9.7831,1
0.61774,9.9578,0
0.45296,10.117,0
0.80917,0.078591,1
0.81483,0.36037,1
0.73084,0.54051,1
0.71934,0.76593,1
0.82247,0.83122,1
0.61627,1.1685,1
0.72736,1.3701,1
0.7552,1.6325,1
0.78339,1.8072,1
0.6575,1.8445,1
0.60547,2.2373,1
0.63475,2.2499,1
0.79238,2.4544,1
0.84244,2.6021,1
0.6967,2.8752,1
0.84836,3.0686,1
0.6816,3.3466,1
0.63429,3.4991,1
0.69619,3.6466,1
0.74066,3.8982,1
0.75846,4.0386,1
0.7354,4.4081,1
0.67875,4.4374,1
0.63983,4.7699,1
0.63815,4.9875,1
0.63424,5.0037,1
0.77745,5.2356,1
0.71622,5.4077,1
0.62832,5.8022,1
0.77522,5.8118,1
0.645,6.1665,1
0.80092,6.314,1
0.72849,6.6007,1
0.73711,6.6896,1
0.65196,6.8063,1
0.79615,7.0546,1
0.73162,7.3777,1
0.74276,7.5372,1
0.70551,7.8174,1
0.78029,7.9847,1
0.61828,8.0258,1
0.74872,8.4429,1
0.81549,8.5847,1
0.7122,8.6035,1
0.76314,8.9698,1
0.67587,9.1214,1
0.75186,9.2087,1
0.66973,9.4286,1
0.79989,9.6192,0
0.79904,9.952,0
0.83852,10.058,0
0.91108,0.035503,1
0.91422,0.33254,1
0.94995,0.63258,1
1.0107,0.75423,1
0.8078,0.97247,1
0.84682,1.0586,1
1.0359,1.2517,1
1.037,1.4093,1
0.91325,1.7658,1
1.0027,1.9268,1
1.0322,2.1215,1
0.96818,2.4154,1
0.89308,2.6414,1
0.90142,2.7899,1
0.90971,2.8617,1
0.96966,3.1691,1
0.91627,3.3898,1
1.0383,3.5465,1
0.88867,3.8056,1
0.88476,4.0317,1
1.024,4.1594,1
0.93636,4.2047,1
0.98732,4.4461,1
0.83122,4.6067,1
0.91331,5.0337,1
0.81869,5.1211,1
0.96584,5.3987,1
0.97591,5.5142,1
1.0297,5.7236,1
0.96502,5.9064,1
0.97253,6.2229,1
1.0134,6.4186,1
0.91698,6.5583,1
0.91462,6.6731,1
1.0015,6.8729,1
1.0062,7.0614,1
0.84761,7.3761,1
0.80642,7.5937,1
0.8142,7.8057,1
0.83573,8.0015,1
0.84285,8.0634,1
0.95646,8.4001,1
0.80738,8.5574,1
0.91808,8.6579,1
0.96961,8.8953,1
0.8287,9.1133,1
0.85902,9.3251,1
0.87227,9.5351,0
0.84319,9.6863,0
0.88093,9.8729,0
1.0003,10.176,0
1.0749,0.23352,1
1.1939,0.34854,1
1.1382,0.54827,1
1.1387,0.78468,1
1.1827,0.89316,1
1.1934,1.1133,1
1.2252,1.3273,1
1.0345,1.6322,1
1.1985,1.7127,1
1.0474,1.9594,1
1.0072,2.1148,1
1.0318,2.3384,1
1.0334,2.4103,1
1.0321,2.8006,1
1.2338,2.9679,1
1.0683,3.0501,1
1.2357,3.2036,1
1.1595,3.5908,1
1.2181,3.7419,1
1.0918,3.9636,1
1.0591,4.1587,1
1.0468,4.3836,1
1.1364,4.6218,1
1.0638,4.7665,1
1.0765,4.8302,1
1.0039,5.1784,1
1.1469,5.3118,1
1.2406,5.5602,1
1.2125,5.7622,1
1.002,5.9696,1
1.1585,6.0147,1
1.0898,6.256,1
1.0285,6.442,1
1.1352,6.8321,1
1.1041,6.9288,1
1.1293,7.1683,1
1.2215,7.367,1
1.0373,7.4204,1
1.1087,7.6563,1
1.0148,7.871,1
1.0953,8.2284,1
1.1806,8.2573,1
1.0238,8.4622,1
1.1668,8.7691,1
1.0741,8.9621,1
1.1496,9.1759,1
1.038,9.4093,0
1.1091,9.5818,0
1.0032,9.6049,0
1.0573,9.9459,0
1.0659,10.23,0
1.3278,0.02292,1
1.2538,0.33864,1
1.2865,0.6327,1
1.387,0.64986,1
1.3034,0.93133,1
1.2139,1.0317,1
1.2975,1.3872,1
1.3186,1.4787,1
1.4063,1.6468,1
1.2759,2.0451,1
1.4054,2.1782,1
1.3414,2.4064,1
1.2136,2.5708,1
1.265,2.7724,1
1.3473,2.9327,1
1.3199,3.0472,1
1.2497,3.3233,1
1.2598,3.5399,1
1.395,3.8071,1
1.3543,3.8507,1
1.236,4.1319,1
1.379,4.402,1
1.3004,4.4888,1
1.3156,4.7369,1
1.3768,4.9794,1
1.3003,5.0506,1
1.2036,5.3609,1
1.2187,5.4,1
1.3478,5.7283,1
1.3115,5.9425,1
1.4317,6.0018,1
1.2237,6.4231,1
1.2939,6.6083,1
1.3365,6.7938,1
1.2279,6.997,1
1.4261,7.0934,1
1.3583,7.2381,1
1.4264,7.4881,1
1.3576,7.7613,1
1.2036,8.033,1
1.2791,8.0233,1
1.228,8.3847,1
1.3574,8.4138,1
1.2152,8.7893,1
1.3685,8.9159,1
1.3194,9.0113,0
1.2764,9.4105,0
1.3291,9.4412,0
1.3768,9.6288,0
1.4034,9.8679,0
1.279,10.079,0
1.4778,0.15152,1
1.4862,0.36937,1
1.5666,0.64691,1
1.6153,0.84832,1
1.5904,0.98938,1
1.619,1.0688,1
1.6178,1.4385,1
1.4432,1.5028,1
1.6126,1.6542,1
1.6399,1.9573,1
1.5926,2.0037,1
1.6188,2.2108,1
1.4169,2.4451,1
1.5617,2.6501,1
1.481,2.9798,1
1.5601,3.1107,1
1.6199,3.4114,1
1.4934,3.4974,1
1.5917,3.8094,1
1.442,3.9871,1
1.5299,4.146,1
1.5569,4.2401,1
1.5785,4.5322,1
1.4766,4.7157,1
1.4659,4.8949,1
1.629,5.0233,1
1.5538,5.2648,1
1.4233,5.484,1
1.5569,5.6938,1
1.448,5.8366,1
1.5942,6.0792,1
1.6161,6.2703,1
1.4834,6.605,1
1.4339,6.6855,1
1.5914,7.018,1
1.4797,7.067,1
1.4631,7.3939,1
1.45,7.5523,1
1.4173,7.6045,1
1.538,7.9754,1
1.501,8.0039,1
1.5875,8.371,1
1.5218,8.6195,1
1.4962,8.708,1
1.4154,8.9578,0
1.4534,9.1465,0
1.536,9.2569,0
1.5027,9.5962,0
1.6252,9.6719,0
1.4141,10.031,0
1.5109,10.075,0
1.7345,0.13408,1
1.6335,0.28341,1
1.7352,0.45932,1
1.8143,0.73631,1
1.6495,0.82692,1
1.6389,1.0343,1
1.6153,1.2236,1
1.7653,1.4777,1
1.6047,1.8032,1
1.6728,1.9284,1
1.8435,2.2166,1
1.7912,2.4451,1
1.6609,2.4817,1
1.7705,2.6549,1
1.6345,2.9296,1
1.7575,3.0883,1
1.8143,3.4149,1
1.8249,3.465,1
1.6871,3.8109,1
1.7216,3.9457,1
1.7699,4.1799,1
1.776,4.2859,1
1.7152,4.4023,1
1.6911,4.6481,1
1.6701,4.9268,1
1.6191,5.0061,1
1.7112,5.3375,1
1.6414,5.469,1
1.6997,5.7741,1
1.8301,6.0203,1
1.7278,6.0062,1
1.8285,6.2853,1
1.623,6.5054,1
1.8483,6.62,1
1.6241,6.8198,1
1.6783,7.0181,1
1.7963,7.4251,1
1.7506,7.6423,1
1.7165,7.6978,1
1.6745,7.8784,1
1.6333,8.1383,1
1.6738,8.398,1
1.6417,8.5996,1
1.6793,8.8158,0
1.6275,8.9995,0
1.808,9.0016,0
1.8429,9.43,0
1.6546,9.4045,0
1.7765,9.6074,0
1.6098,9.9779,0
1.7541,10.135,0
1.9673,0.13115,1
1.8093,0.32556,1
1.8008,0.41642,1
1.8356,0.65751,1
2.0156,0.82926,1
1.869,1.2474,1
1.9329,1.2176,1
1.9306,1.415,1
1.9419,1.7654,1
1.8833,1.886,1
1.9034,2.0321,1
1.9036,2.3593,1
2.046,2.5866,1
1.8144,2.8013,1
1.8991,2.8673,1
1.9978,3.1085,1
1.9485,3.3005,1
1.8774,3.552,1
2.0255,3.7925,1
1.8233,4.0353,1
1.8798,4.0329,1
2.0217,4.2639,1
1.9644,4.4946,1
1.9711,4.8484,1
1.9185,4.8852,1
1.8353,5.2249,1
2.0377,5.2594,1
2.0207,5.455,1
1.9094,5.8478,1
2.0087,6.0378,1
1.8813,6.1596,1
1.8919,6.326,1
1.9987,6.4895,1
1.8248,6.7921,1
2.0379,6.9961,1
1.8004,7.0072,1
1.8738,7.2131,1
1.8121,7.4809,1
1.9107,7.7999,1
1.9975,7.9576,1
2.0284,8.2457,1
1.9333,8.2396,1
2.001,8.5542,0
1.9407,8.6772,0
1.9877,8.8213,0
1.8023,9.2192,0
1.9192,9.3477,0
1.8626,9.4758,0
1.877,9.642,0
2.0417,9.885,0
1.8522,10.017,0
2.1301,0.16337,1
2.0564,0.26107,1
2.1418,0.58948,1
2.2495,0.67475,1
2.033,0.9047,1
2.2387,1.014,1
2.031,1.2077,1
2.0466,1.4466,1
2.1616,1.6677,1
2.032,1.8166,1
2.0203,2.0834,1
2.1648,2.2125,1
2.0068,2.4253,1
2.2463,2.618,1
2.1348,3.0261,1
2.0935,3.0779,1
2.1767,3.3479,1
2.2369,3.4944,1
2.0956,3.8379,1
2.1732,3.9856,1
2.1505,4.2218,1
2.1938,4.3497,1
2.148,4.5724,1
2.094,4.6978,1
2.2127,4.8558,1
2.0564,5.0328,1
2.1992,5.2431,1
2.2492,5.6346,1
2.0703,5.6086,1
2.1776,6.0199,1
2.1662,6.1306,1
2.1037,6.4021,1
2.1246,6.5119,1
2.2373,6.6866,1
2.2383,6.9893,1
2.1832,7.0901,1
2.0962,7.3392,1
2.01,7.6222,1
2.1457,7.81,1
2.1412,7.861,1
2.0888,8.1089,1
2.2201,8.4071,0
2.1561,8.4382,0
2.156,8.7895,0
2.0739,9.0191,0
2.0187,9.1255,0
2.0734,9.3426,0
2.0587,9.6129,0
2.0865,9.8462,0
2.2121,9.9976,0
2.0401,10.088,0
2.2395,0.12548,1
2.3272,0.2638,1
2.3508,0.52747,1
2.2403,0.61965,1
2.3589,0.81397,1
2.411,1.1587,1
2.3956,1.3542,1
2.2661,1.4204,1
2.2787,1.7524,1
2.2458,1.9362,1
2.3119,2.214,1
2.2817,2.3607,1
2.27,2.4679,1
2.4329,2.6267,1
2.2999,2.8151,1
2.2949,3.1555,1
2.3482,3.3748,1
2.2171,3.4687,1
2.2513,3.7055,1
2.3809,3.8915,1
2.3438,4.0205,1
2.2501,4.2174,1
2.4109,4.4302,1
2.3059,4.7695,1
2.3362,4.8547,1
2.332,5.0593,1
2.2463,5.2022,1
2.2204,5.5818,1
2.316,5.7403,1
2.2076,5.938,1
2.3087,6.1856,1
2.3395,6.4062,1
2.3597,6.4983,1
2.2086,6.634,1
2.3775,6.8489,1
2.2423,7.1801,1
2.3483,7.3674,1
2.352,7.415,1
2.3931,7.6961,1
2.2141,7.9228,1
2.4137,8.1935,0
2.2961,8.237,0
2.2999,8.5214,0
2.2814,8.618,0
2.3388,8.9969,0
2.2739,9.0984,0
2.2915,9.259,0
2.2873,9.4201,0
2.3576,9.6198,0
2.3661,10.032,0
2.448,10.051,0
2.6361,0.23915,1
2.4876,0.28494,1
2.4482,0.63999,1
2.6299,0.68579,1
2.4722,0.81586,1
2.5377,1.1531,1
2.6298,1.3389,1
2.4225,1.6266,1
2.4644,1.6503,1
2.5068,1.9969,1
2.5444,2.0869,1
2.6249,2.443,1
2.4546,2.609,1
2.6418,2.778,1
2.5085,2.8537,1
2.5962,3.0039,1
2.5313,3.2525,1
2.4828,3.5341,1
2.5079,3.6271,1
2.5795,4.0134,1
2.6291,4.2277,1
2.6225,4.2834,1
2.4337,4.5173,1
2.43,4.6007,1
2.6234,4.8777,1
2.5633,5.1213,1
2.4101,5.2655,1
2.5262,5.5708,1
2.6236,5.8278,1
2.4964,5.9426,1
2.473,6.0663,1
2.4585,6.4321,1
2.4502,6.4161,1
2.4951,6.7566,1
2.5487,7.0371,1
2.4671,7.1291,1
2.5556,7.4392,1
2.6011,7.468,1
2.426,7.7317,1
2.5823,8.0278,0
2.5621,8.0537,0
2.5187,8.4067,0
2.6332,8.4346,0
2.4241,8.7094,0
2.5498,9.0188,0
2.4584,9.1761,0
2.4081,9.3243,0
2.545,9.5524,0
2.6105,9.6195,0
2.5392,9.8604,0
2.61,10.006,0
2.6512,0.21162,1
2.7553,0.20372,1
2.6435,0.5376,1
2.6724,0.62992,1
2.6046,0.94699,1
2.7754,1.1556,1
2.838,1.3868,1
2.7873,1.4775,1
2.7892,1.8291,1
2.7355,1.9956,1
2.6705,2.0253,1
2.6612,2.2703,1
2.6716,2.6269,1
2.8408,2.6278,1
2.6577,2.9975,1
2.7343,3.0256,1
2.6513,3.392,1
2.7085,3.5655,1
2.6356,3.7933,1
2.6939,4.033,1
2.7984,4.0442,1
2.8032,4.2051,1
2.8259,4.6084,1
2.7351,4.7183,1
2.8045,4.8272,1
2.7771,5.0223,1
2.6108,5.2288,1
2.6365,5.442,1
2.6583,5.8431,1
2.6617,5.8715,1
2.6426,6.1498,1
2.6588,6.4131,1
2.6689,6.4612,1
2.8379,6.7818,1
2.6867,6.9002,1
2.6743,7.0777,1
2.7011,7.3634,1
2.6756,7.498,1
2.7893,7.6298,0
2.6899,8.0446,0
2.6312,8.1296,0
2.7543,8.3269,0
2.6889,8.4813,0
2.6907,8.6493,0
2.6171,9.0157,0
2.8168,9.067,0
2.7145,9.3347,0
2.6194,9.5379,0
2.8262,9.8408,0
2.6704,9.8674,0
2.7535,10.066,0
2.9655,0.077497,1
2.85,0.33932,1
3.04,0.49455,1
2.9663,0.66144,1
2.9353,0.96904,1
3.0172,1.0653,1
2.9393,1.4404,1
2.8053,1.5244,1
2.9207,1.7069,1
3.002,1.9419,1
2.984,2.1533,1
2.9431,2.4017,1
2.8022,2.6202,1
2.9796,2.64,1
2.9124,2.8223,1
2.9649,3.0783,1
2.9883,3.3518,1
3.0012,3.4947,1
2.8073,3.8314,1
2.995,3.8143,1
2.9418,4.2485,1
2.819,4.3667,1
2.8629,4.5543,1
2.8334,4.637,1
2.9411,4.8072,1
2.9352,5.1431,1
2.8172,5.2075,1
3.0471,5.5779,1
2.8628,5.6535,1
2.8789,5.8638,1
2.8752,6.2396,1
2.8105,6.2455,1
2.932,6.5996,1
2.864,6.61,1
2.9022,6.8773,1
3.0369,7.2418,1
3.0298,7.2667,1
2.8303,7.4305,0
2.948,7.7518,0
2.8899,7.9613,0
2.9798,8.2186,0
2.9309,8.4243,0
2.8652,8.4133,0
2.9233,8.7899,0
3.014,9.0147,0
2.9811,9.1204,0
2.8498,9.2188,0
2.8393,9.4227,0
2.8926,9.6501,0
3.0156,9.9946,0
2.9712,10.102,0
3.1585,0.20676,1
3.0353,0.23699,1
3.0198,0.58323,1
3.219,0.63747,1
3.1051,1.0096,1
3.1219,1.1363,1
3.1151,1.4403,1
3.1289,1.4189,1
3.068,1.8335,1
3.0579,1.8899,1
3.2249,2.0167,1
3.2272,2.4415,1
3.1509,2.5624,1
3.0913,2.7052,1
3.1496,2.9491,1
3.1671,3.0868,1
3.2236,3.2544,1
3.0218,3.4095,1
3.1348,3.6384,1
3.1071,3.8933,1
3.1543,4.2192,1
3.1397,4.3103,1
3.0565,4.5594,1
3.0261,4.697,1
3.0025,5.0093,1
3.0148,5.1916,1
3.0807,5.2314,1
3.1949,5.4232,1
3.0839,5.7651,1
3.1549,5.8944,1
3.2482,6.0269,1
3.162,6.356,1
3.1349,6.5554,1
3.0581,6.8279,1
3.185,6.9515,1
3.2222,7.1213,1
3.215,7.3442,0
3.1493,7.6455,0
3.1637,7.7296,0
3.2288,7.8872,0
3.1083,8.2457,0
3.0724,8.448,0
3.158,8.624,0
3.0739,8.7854,0
3.1555,8.9662,0
3.0119,9.1833,0
3.2487,9.309,0
3.0517,9.4999,0
3.1518,9.6545,0
3.0869,10.02,0
3.1794,10.236,0
3.207,0.23724,1
3.2167,0.22661,1
3.4318,0.41449,1
3.2219,0.64093,1
3.2831,0.93187,1
3.3315,1.0174,1
3.2617,1.2025,1
3.3357,1.4229,1
3.3952,1.7519,1
3.3305,1.814,1
3.433,2.1645,1
3.2368,2.344,1
3.3042,2.4185,1
3.2701,2.6604,1
3.3495,2.8878,1
3.2091,3.0317,1
3.2159,3.3849,1
3.2807,3.5114,1
3.2246,3.6044,1
3.2425,3.9704,1
3.2928,4.2202,1
3.2099,4.235,1
3.3773,4.6027,1
3.3603,4.6632,1
3.2435,4.8061,1
3.2155,5.1327,1
3.3017,5.4337,1
3.3158,5.5923,1
3.2507,5.7012,1
3.4174,5.9795,1
3.3495,6.1203,1
3.2058,6.3103,1
3.4249,6.6356,1
3.3132,6.7447,1
3.2145,6.9959,1
3.2266,7.1787,0
3.4496,7.2355,0
3.4166,7.5732,0
3.3538,7.6984,0
3.2067,7.8319,0
3.2806,8.1602,0
3.3159,8.3244,0
3.2248,8.416,0
3.3427,8.7309,0
3.2815,8.8786,0
3.3126,9.2137,0
3.3445,9.2023,0
3.2187,9.4506,0
3.2143,9.8202,0
3.2752,9.8545,0
3.3304,10.079,0
3.5405,0.085991,1
3.4604,0.40002,1
3.6282,0.54277,1
3.6064,0.80331,1
3.5111,0.82154,1
3.6455,1.048,1
3.5446,1.3574,1
3.4586,1.416,1
3.6026,1.7857,1
3.5128,1.9508,1
3.4625,2.1996,1
3.6389,2.2401,1
3.4357,2.5845,1
3.5281,2.7893,1
3.643,3.0203,1
3.5621,3.1073,1
3.5537,3.2469,1
3.5174,3.4758,1
3.5444,3.6802,1
3.6278,3.9105,1
3.4941,4.0905,1
3.4572,4.3564,1
3.5059,4.6347,1
3.4684,4.6717,1
3.5111,4.8611,1
3.5569,5.2302,1
3.5337,5.4316,1
3.4964,5.4775,1
3.6184,5.6191,1
3.4751,5.9952,1
3.5,6.0327,1
3.5294,6.3154,1
3.4155,6.51,1
3.4578,6.7513,1
3.4296,6.8318,0
3.4247,7.1498,0
3.6226,7.233,0
3.4083,7.4288,0
3.6098,7.7103,0
3.5268,7.8678,0
3.4284,8.236,0
3.5226,8.3292,0
3.5499,8.5113,0
3.4226,8.6771,0
3.6446,8.9174,0
3.5633,9.1949,0
3.5153,9.2422,0
3.6159,9.4056,0
3.4657,9.7772,0
3.606,9.9513,0
3.4822,10.103,0
3.8353,0.22869,1
3.661,0.3193,1
3.8393,0.62906,1
3.7277,0.72423,1
3.7411,1.0319,1
3.8484,1.1759,1
3.7927,1.3737,1
3.6785,1.4011,1
3.6145,1.7351,1
3.611,1.9032,1
3.8032,2.157,1
3.703,2.3359,1
3.696,2.454,1
3.7308,2.738,1
3.823,3.0157,1
3.7015,3.0012,1
3.7511,3.2313,1
3.6237,3.5938,1
3.684,3.6051,1
3.6362,3.8357,1
3.6612,4.0801,1
3.6947,4.4262,1
3.6676,4.5535,1
3.6539,4.604,1
3.7584,4.8778,1
3.7999,5.0482,1
3.6521,5.2689,1
3.8241,5.4067,1
3.7864,5.8077,1
3.7341,5.9911,1
3.8425,6.1803,1
3.7412,6.4057,1
3.6544,6.5911,1
3.8144,6.6301,0
3.8155,6.8961,0
3.6783,7.007,0
3.6817,7.2003,0
3.81,7.4017,0
3.7231,7.6419,0
3.613,7.8376,0
3.7945,8.1289,0
3.7067,8.3047,0
3.67,8.5485,0
3.6834,8.6692,0
3.6917,8.9482,0
3.7987,9.1463,0
3.6097,9.2304,0
3.7817,9.4196,0
3.8182,9.608,0
3.6715,9.842,0
3.7642,10.131,0
3.858,0.21034,1
3.9555,0.2766,1
3.8188,0.44779,1
4.0417,0.61628,1
3.9525,1.0365,1
3.8959,1.0612,1
3.8076,1.3564,1
4.0144,1.4517,1
3.9509,1.6604,1
4.012,1.9859,1
3.9262,2.039,1
3.802,2.4058,1
4.0298,2.4235,1
3.9027,2.8449,1
3.9831,2.9633,1
3.8378,3.071,1
4.0038,3.4168,1
4.0274,3.4075,1
3.9945,3.7902,1
3.9893,4.024,1
3.9013,4.1547,1
3.9755,4.3802,1
3.9414,4.516,1
3.9462,4.7897,1
3.8862,4.8018,1
3.9761,5.0484,1
3.8402,5.2229,1
3.8004,5.442,1
3.9405,5.8356,1
3.9366,6.0124,1
3.9377,6.0343,1
3.9736,6.3652,1
4.0319,6.4096,0
4.0361,6.637,0
4.0258,6.8462,0
3.951,7.1613,0
4.0316,7.4141,0
3.8292,7.6133,0
3.8852,7.7235,0
3.8092,7.9952,0
3.9346,8.0687,0
3.9843,8.4418,0
3.8453,8.6476,0
3.9066,8.6211,0
3.8245,8.8824,0
3.8758,9.0671,0
3.995,9.254,0
3.9342,9.5918,0
3.9923,9.6913,0
3.9597,9.8385,0
4.0233,10.041,0
4.0152,0.22334,1
4.0439,0.43645,1
4.1041,0.52937,1
4.1849,0.60459,1
4.2232,0.90483,1
4.0065,1.0305,1
4.0344,1.438,1
4.106,1.4675,1
4.1911,1.8234,1
4.1311,2.0238,1
4.1886,2.1939,1
4.0424,2.4272,1
4.1682,2.4042,1
4.1547,2.8398,1
4.0017,2.8188,1
4.1851,3.0713,1
4.2479,3.322,1
4.032,3.6426,1
4.0901,3.742,1
4.0478,3.8685,1
4.1786,4.0323,1
4.0445,4.2388,1
4.2467,4.4672,1
4.0042,4.7085,1
4.0099,4.899,1
4.2011,5.1063,1
4.2149,5.3536,1
4.1416,5.5117,1
4.1885,5.603,1
4.1299,5.8086,1
4.1465,6.0997,1
4.0477,6.4449,0
4.1259,6.5357,0
4.0127,6.8281,0
4.014,6.881,0
4.0838,7.0726,0
4.1577,7.4197,0
4.223,7.5948,0
4.1683,7.6986,0
4.1713,8.0206,0
4.1739,8.1064,0
4.2,8.3166,0
4.1652,8.5062,0
4.13,8.7138,0
4.0829,8.9739,0
4.2335,9.0239,0
4.0616,9.3834,0
4.1278,9.4325,0
4.1851,9.7241,0
4.0635,9.8649,0
4.2114,10.148,0
4.3345,0.056905,1
4.4275,0.43878,1
4.2877,0.41575,1
4.4338,0.64581,1
4.4319,0.95606,1
4.3469,1.0729,1
4.2254,1.2343,1
4.2917,1.4472,1
4.269,1.8392,1
4.2665,1.8742,1
4.2566,2.0593,1
4.2003,2.365,1
4.4233,2.4011,1
4.3134,2.6195,1
4.3446,2.8774,1
4.2789,3.056,1
4.4485,3.3738,1
4.446,3.5751,1
4.4411,3.813,1
4.3666,3.9398,1
4.3815,4.1426,1
4.2835,4.3327,1
4.3307,4.6147,1
4.2683,4.7116,1
4.3796,4.8958,1
4.3945,5.1488,1
4.2203,5.2763,1
4.2554,5.4253,1
4.251,5.693,1
4.356,5.8555,1
4.3813,6.1608,0
4.4086,6.3942,0
4.2047,6.5075,0
4.2505,6.7553,0
4.3173,6.8698,0
4.2946,7.1195,0
4.2851,7.2787,0
4.216,7.6068,0
4.3903,7.7858,0
4.3007,7.8361,0
4.3686,8.0171,0
4.3378,8.333,0
4.2129,8.586,0
4.2769,8.8089,0
4.4414,8.9802,0
4.4329,9.2219,0
4.2945,9.2407,0
4.3544,9.4503,0
4.3406,9.8205,0
4.4076,9.9155,0
4.4394,10.047,0
4.4189,0.18122,1
4.622,0.42089,1
4.5406,0.5995,1
4.4486,0.81074,1
4.4554,0.93451,1
4.5764,1.0524,1
4.5492,1.3326,1
4.5466,1.6108,1
4.6421,1.6538,1
4.5454,1.9792,1
4.425,2.2157,1
4.4417,2.3178,1
4.4255,2.5151,1
4.4366,2.8356,1
4.5679,2.9571,1
4.56,3.2016,1
4.4931,3.3004,1
4.4407,3.4803,1
4.4974,3.6947,1
4.6,3.9797,1
4.4999,4.0483,1
4.5888,4.3225,1
4.4738,4.4302,1
4.56,4.635,1
4.6213,5.0368,1
4.4524,5.1577,1
4.5201,5.3097,1
4.4282,5.5769,1
4.4331,5.7324,1
4.416,5.9631,0
4.4198,6.1945,0
4.5567,6.3545,0
4.5028,6.5255,0
4.5596,6.7213,0
4.6141,6.8275,0
4.5909,7.2291,0
4.644,7.3082,0
4.5954,7.5067,0
4.6339,7.6073,0
4.5848,7.9276,0
4.4634,8.2409,0
4.5798,8.2688,0
4.5734,8.5859,0
4.5933,8.6292,0
4.5868,8.9923,0
4.4796,9.1914,0
4.5276,9.3352,0
4.5933,9.4423,0
4.5432,9.8325,0
4.6385,9.8521,0
4.4429,10.005,0
4.8268,0.1504,1
4.7881,0.35184,1
4.6715,0.51721,1
4.7569,0.74908,1
4.7157,0.98086,1
4.6324,1.102,1
4.7373,1.3494,1
4.8424,1.5064,1
4.7105,1.6305,1
4.7477,1.8875,1
4.6277,2.1367,1
4.65,2.2318,1
4.6407,2.4204,1
4.6092,2.6724,1
4.6682,2.9692,1
4.6575,3.1143,1
4.6896,3.3248,1
4.6336,3.4146,1
4.8496,3.6184,1
4.7284,3.8845,1
4.697,4.084,1
4.6625,4.4462,1
4.6912,4.5879,1
4.6998,4.7616,1
4.8316,5.0207,1
4.7239,5.128,1
4.7523,5.2941,1
4.6012,5.6209,1
4.7469,5.6614,0
4.7944,5.841,0
4.7643,6.1647,0
4.7321,6.2639,0
4.8064,6.4394,0
4.8406,6.6692,0
4.6784,6.8747,0
4.7993,7.0015,0
4.6713,7.2572,0
4.6037,7.5675,0
4.6235,7.8454,0
4.6822,7.864,0
4.6764,8.1548,0
4.6045,8.443,0
4.6406,8.523,0
4.711,8.6753,0
4.7917,8.9493,0
4.7703,9.1358,0
4.7786,9.2324,0
4.7149,9.5381,0
4.8298,9.6373,0
4.8472,9.8646,0
4.8332,10.132,0
4.9154,0.20334,1
5.0262,0.37963,1
4.8966,0.5252,1
4.9508,0.8235,1
4.9401,1.0377,1
5.0115,1.1156,1
4.8712,1.2719,1
4.9658,1.6316,1
4.9506,1.7241,1
4.9641,2.0193,1
4.8775,2.0533,1
4.8829,2.2286,1
4.847,2.4311,1
4.8252,2.7435,1
4.8716,2.9166,1
4.8887,3.0935,1
4.9339,3.3887,1
5.0477,3.5139,1
4.807,3.7765,1
4.9774,4.0324,1
5.0263,4.2051,1
5.0165,4.21,1
4.8298,4.6415,1
5.0388,4.822,1
4.9102,4.9597,1
5.0189,5.0027,1
5.0162,5.4443,1
4.8888,5.4964,0
4.9578,5.6999,0
5.0161,5.9276,0
4.8052,6.1379,0
4.8192,6.4397,0
4.8942,6.6139,0
4.8373,6.7192,0
4.8085,7.0195,0
4.9956,7.0975,0
4.8818,7.2123,0
5.0044,7.4769,0
4.8434,7.6801,0
4.969,7.9153,0
5.0189,8.122,0
4.9893,8.3767,0
4.8574,8.4918,0
4.8897,8.8354,0
4.8908,8.867,0
4.8669,9.1863,0
4.8843,9.4273,0
4.8217,9.5461,0
4.9129,9.8266,0
4.9137,9.8142,0
4.8073,10.139,0
5.1593,0.00074034,1
5.0149,0.23829,1
5.0423,0.50187,1
5.1712,0.65836,1
5.1386,0.93383,1
5.0015,1.0779,1
5.072,1.3772,1
5.0942,1.5468,1
5.0366,1.6598,1
5.0186,1.816,1
5.1152,2.0008,1
5.0926,2.2473,1
5.2061,2.5228,1
5.1344,2.7541,1
5.2044,2.8307,1
5.1151,3.0333,1
5.0035,3.2785,1
5.0012,3.422,1
5.0416,3.7022,1
5.0915,3.8706,1
5.1796,4.1576,1
5.0399,4.2549,1
5.0697,4.5636,1
5.1612,4.6484,1
5.0718,4.8237,1
5.0805,5.2296,1
5.0389,5.3396,0
5.0969,5.5044,0
5.2239,5.6276,0
5.2219,5.9382,0
5.0984,6.0278,0
5.1689,6.259,0
5.0631,6.4347,0
5.2375,6.6821,0
5.1562,6.8866,0
5.0517,7.2322,0
5.0274,7.4221,0
5.1415,7.5975,0
5.0686,7.6186,0
5.0178,7.9049,0
5.0396,8.0992,0
5.0124,8.3032,0
5.1702,8.6435,0
5.1954,8.6595,0
5.2018,8.8271,0
5.0663,9.2,0
5.224,9.2112,0
5.152,9.64,0
5.0036,9.8004,0
5.086,10.04,0
5.1334,10.191,0
5.3569,0.15206,1
5.3117,0.44726,1
5.4028,0.54064,1
5.2362,0.72397,1
5.4437,0.86326,1
5.4084,1.049,1
5.285,1.3232,1
5.3541,1.5777,1
5.2759,1.8469,1
5.2223,1.8837,1
5.3304,2.055,1
5.4063,2.2863,1
5.391,2.4229,1
5.4369,2.7579,1
5.2834,2.8945,1
5.2974,3.2218,1
5.2376,3.3066,1
5.2834,3.6227,1
5.3384,3.6561,1
5.3376,3.9992,1
5.2401,4.2146,1
5.2293,4.3068,1
5.2996,4.5472,1
5.4078,4.6229,1
5.2463,4.8626,1
5.3252,5.1484,0
5.2316,5.3301,0
5.4162,5.6285,0
5.3917,5.7658,0
5.3411,5.9249,0
5.2974,6.1587,0
5.3225,6.2216,0
5.4217,6.4102,0
5.4263,6.7879,0
5.3246,6.8809,0
5.3323,7.0166,0
5.4274,7.4308,0
5.3446,7.4136,0
5.3939,7.617,0
5.3653,7.9434,0
5.3174,8.1098,0
5.2549,8.2068,0
5.3506,8.4124,0
5.2461,8.6596,0
5.2494,8.8318,0
5.4155,9.1576,0
5.2314,9.3191,0
5.3614,9.4275,0
5.3093,9.7089,0
5.3532,10.025,0
5.3844,10.141,0
5.4758,0.18266,1
5.4107,0.44524,1
5.6089,0.54705,1
5.4923,0.72579,1
5.5653,0.9329,1
5.6239,1.1516,1
5.4685,1.3911,1
5.6495,1.5502,1
5.6086,1.7806,1
5.5978,1.9088,1
5.5642,2.1616,1
5.5359,2.2442,1
5.4967,2.6191,1
5.6056,2.6629,1
5.5488,2.8891,1
5.5954,3.0758,1
5.6469,3.4419,1
5.5971,3.4481,1
5.6132,3.6245,1
5.5214,3.9734,1
5.6184,4.024,1
5.4835,4.2498,1
5.4513,4.5518,1
5.5236,4.7774,1
5.4078,5.0226,0
5.6069,5.1507,0
5.4661,5.4156,0
5.5694,5.569,0
5.5985,5.7962,0
5.5705,5.9342,0
5.5627,6.0011,0
5.4593,6.2497,0
5.5194,6.5097,0
5.6341,6.7396,0
5.4603,6.8963,0
5.4523,7.1617,0
5.4681,7.3464,0
5.594,7.5916,0
5.4829,7.6437,0
5.5508,7.9258,0
5.446,8.0957,0
5.4219,8.4443,0
5.4772,8.634,0
5.4577,8.8232,0
5.6273,8.9109,0
5.6342,9.1879,0
5.408,9.4274,0
5.5484,9.4933,0
5.411,9.6291,0
5.5062,9.9313,0
5.5304,10.085,0
5.8101,0.21235,1
5.7563,0.24656,1
5.6638,0.45219,1
5.8262,0.73261,1
5.7918,0.82107,1
5.7407,1.0602,1
5.8243,1.3586,1
5.692,1.4278,1
5.6844,1.7518,1
5.7547,2.0224,1
5.6217,2.1227,1
5.6939,2.2784,1
5.6468,2.5905,1
5.8026,2.8386,1
5.7808,2.9615,1
5.7687,3.1213,1
5.8285,3.3095,1
5.8052,3.4466,1
5.7372,3.7108,1
5.6039,3.922,1
5.6237,4.2153,1
5.7287,4.3791,1
5.8381,4.5551,1
5.8108,4.6224,0
5.8338,4.8279,0
5.8434,5.1439,0
5.6931,5.3154,0
5.6802,5.5364,0
5.7958,5.6095,0
5.6531,5.9448,0
5.8398,6.1572,0
5.8326,6.3205,0
5.6914,6.4401,0
5.6862,6.7886,0
5.7732,6.9984,0
5.7792,7.0728,0
5.8001,7.3269,0
5.7484,7.4595,0
5.6243,7.6482,0
5.7399,8.0022,0
5.6108,8.0167,0
5.7894,8.249,0
5.7649,8.6437,0
5.7499,8.7438,0
5.6567,8.9458,0
5.7784,9.2375,0
5.7811,9.225,0
5.6861,9.6197,0
5.6082,9.8229,0
5.8109,9.8535,0
5.7926,10.042,0
5.9274,0.16153,1
5.9767,0.24509,1
5.9978,0.42914,1
5.8827,0.69133,1
6.0284,0.90059,1
5.9442,1.0225,1
5.872,1.3709,1
5.8667,1.5367,1
6.0225,1.8465,1
5.8915,1.8532,1
5.8375,2.2297,1
6.0366,2.3663,1
5.9627,2.5859,1
6.0456,2.6946,1
5.8485,2.9187,1
6.0072,3.0266,1
5.9235,3.4209,1
5.9477,3.5113,1
5.8112,3.7671,1
5.9411,3.9821,1
5.9584,4.0714,1
5.9245,4.3484,1
5.8149,4.4926,0
5.9288,4.7989,0
5.8133,4.8184,0
6.0109,5.2482,0
5.9487,5.394,0
5.9728,5.4018,0
5.9618,5.8222,0
5.9559,6.016,0
6.0385,6.1744,0
5.8442,6.4212,0
5.9187,6.5164,0
6.0106,6.6929,0
5.9242,6.8208,0
5.9906,7.2493,0
5.845,7.4175,0
5.9729,7.4,0
6.0286,7.77,0
5.8407,7.9637,0
5.907,8.103,0
5.8105,8.3191,0
5.8564,8.4971,0
5.9665,8.713,0
6.0178,8.8067,0
5.8862,9.1063,0
5.8068,9.2265,0
6.0263,9.4108,0
5.9178,9.739,0
6.0276,9.9528,0
5.882,10.185,0
6.1728,0.06423,1
6.0044,0.38156,1
6.1281,0.57831,1
6.083,0.72594,1
6.084,1.0232,1
6.2383,1.1948,1
6.1876,1.3237,1
6.0835,1.5904,1
6.1582,1.7668,1
6.1039,2.0445,1
6.1441,2.0293,1
6.2399,2.4173,1
6.154,2.542,1
6.0376,2.63,1
6.2096,3.0426,1
6.1815,3.21,1
6.0272,3.2156,1
6.0403,3.4695,1
6.0743,3.7024,1
6.1059,3.9567,1
6.1321,4.2298,1
6.0688,4.3038,0
6.207,4.5779,0
6.1982,4.8427,0
6.0684,4.9089,0
6.1539,5.1588,0
6.0254,5.4254,0
6.1675,5.6179,0
6.0868,5.6357,0
6.1674,5.8501,0
6.0738,6.1552,0
6.1701,6.3938,0
6.0984,6.4617,0
6.098,6.6924,0
6.0517,6.8853,0
6.1811,7.1141,0
6.2048,7.2427,0
6.2316,7.5864,0
6.1285,7.6245,0
6.0483,8.0226,0
6.1507,8.0205,0
6.0495,8.3954,0
6.1026,8.6122,0
6.2133,8.7127,0
6.1073,8.9513,0
6.2314,9.0886,0
6.0933,9.3898,0
6.1746,9.5474,0
6.1472,9.7529,0
6.0252,10.011,0
6.1031,10.114,0
6.4312,0.2207,1
6.2139,0.32339,1
6.296,0.55571,1
6.2602,0.74054,1
6.257,0.98042,1
6.2893,1.1367,1
6.431,1.3961,1
6.3256,1.5116,1
6.4008,1.828,1
6.2876,1.8216,1
6.3147,2.2497,1
6.4378,2.3819,1
6.2332,2.5396,1
6.2176,2.6357,1
6.3765,3.0094,1
6.4329,3.1813,1
6.2272,3.3043,1
6.3629,3.4683,1
6.2365,3.6787,1
6.3735,3.9454,1
6.3564,4.1723,0
6.2109,4.416,0
6.3995,4.4527,0
6.4466,4.7267,0
6.3092,4.9063,0
6.2862,5.0599,0
6.2122,5.3894,0
6.2563,5.598,0
6.3453,5.6965,0
6.3503,5.8795,0
6.2631,6.1202,0
6.3636,6.2696,0
6.215,6.4395,0
6.4351,6.6989,0
6.2231,6.8714,0
6.2835,7.0608,0
6.3628,7.3606,0
6.326,7.6392,0
6.3327,7.6466,0
6.2948,8.0274,0
6.3922,8.1422,0
6.2706,8.2484,0
6.3623,8.5761,0
6.4305,8.7629,0
6.2827,8.883,0
6.4034,9.1304,0
6.3969,9.2062,0
6.2311,9.4056,0
6.2393,9.7996,0
6.3037,9.827,0
6.3718,10.172,0
6.5644,0.19376,1
6.57,0.39787,1
6.4023,0.57737,1
6.4322,0.83663,1
6.591,0.8745,1
6.6105,1.249,1
6.5867,1.3386,1
6.6361,1.564,1
6.6299,1.8363,1
6.4558,1.8562,1
6.5274,2.2454,1
6.5969,2.2427,1
6.5306,2.6353,1
6.5543,2.8392,1
6.5396,2.8438,1
6.5827,3.0136,1
6.4159,3.2671,1
6.5232,3.5365,1
6.4575,3.7938,1
6.4843,3.9509,0
6.5379,4.079,0
6.5859,4.3083,0
6.5031,4.6107,0
6.5269,4.7565,0
6.4322,4.8681,0
6.4537,5.1286,0
6.4732,5.4221,0
6.5125,5.4436,0
6.4601,5.805,0
6.4658,5.8453,0
6.6229,6.0243,0
6.5465,6.2078,0
6.6347,6.4025,0
6.5545,6.8419,0
6.4627,7.022,0
6.4256,7.0124,0
6.5366,7.3676,0
6.5107,7.6442,0
6.5729,7.6551,0
6.5899,7.821,0
6.4999,8.0897,0
6.5419,8.3833,0
6.4514,8.5505,0
6.6359,8.7128,0
6.5282,9.0282,0
6.4691,9.0008,0
6.4573,9.3275,0
6.6382,9.4361,0
6.5724,9.7262,0
6.577,9.9421,0
6.5642,10.161,0
6.7947,0.051733,1
6.7451,0.28505,1
6.7258,0.48187,1
6.8197,0.75374,1
6.6982,0.9478,1
6.6607,1.172,1
6.6704,1.2416,1
6.8262,1.5631,1
6.7757,1.7922,1
6.8133,1.8989,1
6.6947,2.0991,1
6.7583,2.373,1
6.6079,2.4594,1
6.83,2.8372,1
6.7174,2.8339,1
6.73,3.1279,1
6.7916,3.2104,1
6.6841,3.4781,1
6.7565,3.6804,0
6.6817,4.0371,0
6.6778,4.0518,0
6.7615,4.3223,0
6.7084,4.5112,0
6.6257,4.8052,0
6.659,4.8044,0
6.8429,5.1971,0
6.7747,5.3352,0
6.7649,5.4114,0
6.6815,5.7285,0
6.605,5.9114,0
6.7426,6.1228,0
6.6091,6.365,0
6.6662,6.5263,0
6.6477,6.7855,0
6.7123,7.036,0
6.7922,7.1998,0
6.757,7.3094,0
6.6787,7.4226,0
6.673,7.8334,0
6.6196,7.8946,0
6.643,8.1897,0
6.7803,8.4009,0
6.6224,8.6011,0
6.8295,8.7489,0
6.7074,8.8812,0
6.6199,9.1871,0
6.743,9.3191,0
6.8079,9.5289,0
6.6868,9.72,0
6.795,9.906,0
6.7771,10.044,0
6.9477,0.070139,1
6.8942,0.41942,1
6.8985,0.61846,1
6.9071,0.7224,1
6.9058,0.95157,1
6.8547,1.1794,1
6.9242,1.235,1
6.81,1.5458,1
6.9412,1.6488,1
6.8123,1.8158,1
7.0181,2.016,1
7.015,2.435,1
6.8846,2.53,1
7.0435,2.6375,1
7.0387,2.9616,1
7.0472,3.1459,1
6.8394,3.2781,1
6.8007,3.568,0
6.862,3.6993,0
6.8866,3.8549,0
6.8583,4.0602,0
6.989,4.2966,0
6.8565,4.4084,0
6.9121,4.6867,0
6.8649,4.938,0
6.8864,5.1396,0
7.0257,5.2167,0
6.8032,5.5455,0
6.8331,5.719,0
6.897,5.9655,0
7.0102,6.1965,0
6.8533,6.2475,0
7.0338,6.6404,0
7.0425,6.7338,0
6.8938,7.0286,0
7.0462,7.1614,0
6.8305,7.2384,0
6.9902,7.413,0
6.9448,7.6038,0
6.9553,7.8491,0
6.9225,8.1319,0
6.8551,8.2369,0
6.836,8.4183,0
6.9588,8.7387,0
7.0006,9.0453,0
6.9674,9.0407,0
6.9179,9.2391,0
7.0361,9.4409,0
6.9479,9.6196,0
6.8567,9.9796,0
6.971,10.112,0
7.0802,0.12753,1
7.1872,0.35129,1
7.2495,0.62077,1
7.0674,0.63048,1
7.233,0.87256,1
7.1741,1.0156,1
7.0238,1.2359,1
7.0615,1.417,1
7.2337,1.6463,1
7.1199,1.9922,1
7.2206,2.2244,1
7.1948,2.3296,1
7.0046,2.6112,1
7.1927,2.6572,1
7.1714,2.9071,1
7.2169,3.0921,1
7.1451,3.374,0
7.1565,3.6361,0
7.0278,3.6545,0
7.0534,3.9883,0
7.0091,4.13,0
7.1111,4.39,0
7.0816,4.6202,0
7.0718,4.6594,0
7.1241,5.0349,0
7.0454,5.0068,0
7.2334,5.3404,0
7.235,5.6226,0
7.1479,5.6417,0
7.0002,5.9063,0
7.2258,6.0817,0
7.1707,6.3419,0
7.0185,6.6067,0
7.2491,6.6979,0
7.0786,6.9553,0
7.2023,7.2413,0
7.1154,7.4071,0
7.1468,7.6034,0
7.1194,7.8388,0
7.1381,7.8458,0
7.0438,8.1676,0
7.1468,8.3839,0
7.0387,8.6049,0
7.1114,8.7703,0
7.1344,8.8825,0
7.1155,9.0087,0
7.2085,9.23,0
7.249,9.4709,0
7.2431,9.8096,0
7.1865,10.025,0
7.05,10.112,0
7.2091,0.24713,1
7.2472,0.20845,1
7.3444,0.61486,1
7.3571,0.73214,1
7.2912,1.0439,1
7.3591,1.2193,1
7.4228,1.2403,1
7.2634,1.4883,1
7.2716,1.6145,1
7.2314,1.911,1
7.3321,2.1103,1
7.4052,2.2817,1
7.2749,2.6286,1
7.3969,2.7236,1
7.3093,2.9776,1
7.3376,3.1662,0
7.4465,3.4079,0
7.3724,3.4645,0
7.4425,3.7923,0
7.224,3.9026,0
7.4245,4.0139,0
7.2146,4.4177,0
7.2308,4.6431,0
7.3577,4.6292,0
7.2925,4.9271,0
7.2799,5.1889,0
7.3989,5.2275,0
7.2754,5.4085,0
7.3519,5.7103,0
7.3155,5.8324,0
7.2731,6.2429,0
7.4081,6.435,0
7.3426,6.6333,0
7.2176,6.8459,0
7.2666,6.9733,0
7.2427,7.1756,0
7.3401,7.2928,0
7.2505,7.416,0
7.3231,7.7109,0
7.3823,7.9357,0
7.4387,8.135,0
7.3906,8.3966,0
7.22,8.5504,0
7.4346,8.8368,0
7.4436,8.9578,0
7.3518,9.2197,0
7.4394,9.2307,0
7.2827,9.6034,0
7.4253,9.8444,0
7.2001,9.8578,0
7.3208,10.228,0
7.4369,0.16909,1
7.4787,0.38127,1
7.4428,0.57145,1
7.5482,0.79918,1
7.5644,0.93241,1
7.4872,1.1887,1
7.4134,1.3259,1
7.4118,1.6268,1
7.414,1.6309,1
7.4179,2.0131,1
7.4039,2.0438,1
7.6434,2.391,1
7.5837,2.5148,1
7.5881,2.7515,1
7.4083,2.891,0
7.4294,3.1005,0
7.4653,3.3825,0
7.6233,3.6388,0
7.643,3.8197,0
7.6485,3.9524,0
7.4867,4.2419,0
7.4731,4.3585,0
7.4468,4.5943,0
7.5858,4.8246,0
7.5795,4.8566,0
7.4472,5.0253,0
7.5085,5.4071,0
7.4114,5.5061,0
7.5639,5.7818,0
7.5953,6.0342,0
7.6157,6.0741,0
7.5963,6.2781,0
7.5084,6.5374,0
7.487,6.7381,0
7.4138,6.9601,0
7.6049,7.1492,0
7.4265,7.2403,0
7.4015,7.5045,0
7.4688,7.6923,0
7.6357,7.8201,0
7.5686,8.0591,0
7.4964,8.4486,0
7.6142,8.6273,0
7.5687,8.7977,0
7.552,8.8338,0
7.5099,9.1376,0
7.6403,9.2135,0
7.6057,9.5691,0
7.4026,9.8056,0
7.4354,10.028,0
7.5207,10.037,0
7.7452,0.076216,1
7.6732,0.39497,1
7.7097,0.52181,1
7.6996,0.73729,1
7.6343,1.0196,1
7.8382,1.2471,1
7.69,1.2048,1
7.8092,1.4878,1
7.6103,1.7337,1
7.706,1.987,1
7.6189,2.2425,1
7.6785,2.3738,1
7.8365,2.4683,1
7.8136,2.8378,0
7.6434,3.0269,0
7.734,3.1144,0
7.6737,3.3833,0
7.8257,3.5396,0
7.6203,3.8485,0
7.7969,3.8973,0
7.6436,4.2204,0
7.78,4.4233,0
7.658,4.4965,0
7.6518,4.7819,0
7.654,5.0282,0
7.8442,5.226,0
7.6955,5.2204,0
7.7588,5.4083,0
7.6116,5.7431,0
7.658,5.8023,0
7.8187,6.0496,0
7.715,6.2052,0
7.6008,6.5981,0
7.7162,6.6477,0
7.806,7.038,0
7.818,7.1926,0
7.6753,7.4041,0
7.659,7.5065,0
7.8079,7.6751,0
7.7094,7.9701,0
7.7268,8.2146,0
7.6464,8.4179,0
7.6379,8.6243,0
7.8267,8.8109,0
7.8482,8.9213,0
7.6975,9.1221,0
7.8067,9.2163,0
7.8385,9.5142,0
7.8235,9.7489,0
7.8103,9.8275,0
7.7708,10.086,0
7.8429,0.066016,1
7.8594,0.34505,1
7.9086,0.50885,1
7.8063,0.70378,1
7.8672,0.81355,1
8.045,1.0649,1
7.8782,1.261,1
7.9429,1.5773,1
7.9529,1.7647,1
8.0254,1.8298,1
7.899,2.0323,1
7.9732,2.2195,1
7.8511,2.5838,0
7.8157,2.739,0
7.9556,3.0086,0
7.972,3.0265,0
7.8742,3.2641,0
7.9429,3.4135,0
7.8791,3.7641,0
8.0024,3.8694,0
7.8914,4.1773,0
7.9747,4.2326,0
7.9584,4.531,0
8.0411,4.6115,0
7.8502,4.8253,0
7.9495,5.1172,0
7.8209,5.3777,0
7.9361,5.5503,0
8.0115,5.6512,0
7.8102,5.9547,0
7.8823,6.1748,0
7.9773,6.2787,0
8.0151,6.6012,0
7.9252,6.6445,0
8.0487,6.8603,0
7.9072,7.1487,0
7.8668,7.4171,0
7.9182,7.6047,0
7.8402,7.7475,0
7.8397,7.8006,0
7.8671,8.2361,0
7.9893,8.3981,0
7.9523,8.4998,0
8.0417,8.8184,0
7.9933,8.9686,0
7.9432,9.0606,0
7.9126,9.2421,0
7.8718,9.6153,0
7.9881,9.6817,0
7.8236,9.8813,0
7.8267,10.1,0
8.1837,0.19088,1
8.0886,0.24102,1
8.1452,0.57207,1
8.0747,0.76083,1
8.1784,1.0053,1
8.0901,1.0946,1
8.1796,1.228,1
8.2488,1.6149,1
8.0209,1.7783,1
8.1171,1.9438,1
8.0235,2.1853,1
8.1813,2.3884,0
8.228,2.5388,0
8.0216,2.8002,0
8.13,2.9676,0
8.1382,3.1338,0
8.1713,3.3715,0
8.0749,3.6388,0
8.1505,3.7569,0
8.0496,4.0048,0
8.1642,4.0472,0
8.1746,4.3879,0
8.1149,4.4554,0
8.0394,4.7041,0
8.1054,4.9977,0
8.149,5.1,0
8.0806,5.2113,0
8.2077,5.4503,0
8.0307,5.6107,0
8.0628,5.9598,0
8.2344,6.0629,0
8.1638,6.305,0
8.1882,6.443,0
8.2027,6.8211,0
8.0121,6.8853,0
8.1037,7.0513,0
8.1814,7.3988,0
8.0348,7.4061,0
8.1581,7.6099,0
8.0617,7.9325,0
8.21,8.2333,0
8.2092,8.3506,0
8.1133,8.5503,0
8.0987,8.761,0
8.2404,9.0305,0
8.002,9.0548,0
8.0996,9.4212,0
8.1219,9.4122,0
8.1545,9.803,0
8.0175,9.8081,0
8.0357,10.104,0
8.3636,0.14867,1
8.2546,0.2492,1
8.2298,0.59902,1
8.2108,0.65275,1
8.2414,0.8436,1
8.3278,1.1535,1
8.4168,1.4353,1
8.3916,1.5654,1
8.2337,1.6537,1
8.2162,2.0284,1
8.3681,2.095,0
8.3206,2.2087,0
8.3239,2.4568,0
8.2784,2.8267,0
8.2809,3.0172,0
8.4273,3.1456,0
8.3126,3.3402,0
8.3872,3.4003,0
8.2463,3.6317,0
8.2212,3.8537,0
8.2518,4.2067,0
8.3397,4.2969,0
8.3654,4.4795,0
8.4348,4.6654,0
8.2101,4.8741,0
8.2409,5.107,0
8.3095,5.2481,0
8.2814,5.5419,0
8.2225,5.7644,0
8.4026,5.9714,0
8.2999,6.0884,0
8.3638,6.4392,0
8.3417,6.4609,0
8.2008,6.7871,0
8.3628,6.8976,0
8.2793,7.2112,0
8.2665,7.293,0
8.3151,7.5769,0
8.3558,7.6864,0
8.4005,8.0193,0
8.3403,8.1876,0
8.2062,8.3086,0
8.3984,8.5002,0
8.2683,8.6932,0
8.4057,8.9108,0
8.3721,9.0951,0
8.351,9.2182,0
8.2967,9.5101,0
8.2164,9.7516,0
8.4496,9.8762,0
8.3653,10.102,0
8.4573,0.025253,1
8.4231,0.31922,1
8.4602,0.4731,1
8.6256,0.60407,1
8.4543,1.0211,1
8.5199,1.0526,1
8.6273,1.3709,1
8.4484,1.4386,1
8.512,1.8436,1
8.5545,1.9257,0
8.5486,2.2229,0
8.5665,2.3816,0
8.4669,2.5243,0
8.506,2.7518,0
8.5998,2.8873,0
8.6331,3.1316,0
8.5174,3.3992,0
8.4766,3.4684,0
8.5098,3.6732,0
8.4767,3.887,0
8.4688,4.219,0
8.4347,4.2233,0
8.4416,4.4517,0
8.5235,4.6757,0
8.4216,4.8879,0
8.6317,5.1817,0
8.4371,5.4216,0
8.4401,5.413,0
8.5794,5.6196,0
8.5687,5.8036,0
8.4896,6.0483,0
8.4226,6.2066,0
8.4021,6.5172,0
8.4932,6.6608,0
8.5971,7.03,0
8.5118,7.179,0
8.4249,7.3222,0
8.6015,7.4195,0
8.5649,7.7325,0
8.5131,7.9665,0
8.5333,8.1519,0
8.5317,8.3049,0
8.5574,8.4277,0
8.5616,8.8042,0
8.448,8.8623,0
8.6004,9.1273,0
8.4491,9.401,0
8.5028,9.5275,0
8.4589,9.6757,0
8.4681,10.015,0
8.4022,10.014,0
8.8321,0.18269,1
8.7301,0.42522,1
8.716,0.51601,1
8.7309,0.71734,1
8.6842,0.83845,1
8.6831,1.2404,1
8.8471,1.4191,1
8.7184,1.5222,1
8.7867,1.7018,0
8.7675,1.8316,0
8.7989,2.2314,0
8.6681,2.2014,0
8.671,2.4466,0
8.7793,2.681,0
8.6462,2.8125,0
8.8084,3.0361,0
8.6424,3.3823,0
8.8383,3.5206,0
8.7806,3.6845,0
8.6336,3.8592,0
8.8133,4.1127,0
8.8329,4.2464,0
8.741,4.4811,0
8.6997,4.666,0
8.7104,5.0075,0
8.7754,5.1741,0
8.665,5.2834,0
8.6071,5.5451,0
8.837,5.672,0
8.849,5.866,0
8.7949,6.065,0
8.8474,6.3693,0
8.7219,6.53,0
8.632,6.6192,0
8.7161,6.814,0
8.7856,7.0647,0
8.7683,7.31,0
8.8185,7.4711,0
8.7896,7.7697,0
8.7543,8.0374,0
8.6687,8.1935,0
8.6841,8.359,0
8.8089,8.5884,0
8.6965,8.7867,0
8.6201,8.9465,0
8.8164,9.1933,0
8.7088,9.2981,0
8.643,9.5513,0
8.6011,9.6619,0
8.7631,9.8726,0
8.6924,10.005,0
8.894,0.086827,1
8.9103,0.23545,1
8.929,0.50288,1
8.875,0.63827,1
8.9196,1.0073,1
8.8016,1.1848,1
8.8429,1.2247,1
8.8759,1.6052,0
8.9861,1.6568,0
8.9452,1.8267,0
8.9753,2.1657,0
9.0012,2.4386,0
9.013,2.6036,0
8.8294,2.7558,0
8.9643,2.8821,0
8.9882,3.0693,0
8.9755,3.3086,0
8.9513,3.4876,0
8.8096,3.8194,0
8.8488,3.8015,0
8.8827,4.1741,0
8.9607,4.2845,0
8.8544,4.4762,0
8.8192,4.762,0
9.0451,5.0303,0
8.8517,5.2233,0
9.0458,5.4493,0
8.9526,5.4182,0
8.862,5.6324,0
8.9295,6.0454,0
8.9782,6.0226,0
8.865,6.3715,0
8.8287,6.6322,0
8.9374,6.6355,0
8.8547,7.0211,0
8.878,7.0049,0
9.0433,7.2857,0
8.8773,7.4596,0
9.0366,7.8461,0
8.9026,8.0116,0
8.8026,8.1986,0
8.8775,8.4251,0
8.8388,8.595,0
9.0485,8.8091,0
8.9126,8.8803,0
8.9363,9.1857,0
8.8656,9.3661,0
9.0206,9.4723,0
8.8258,9.6843,0
9.0059,10.027,0
8.9068,10.008,0
9.2301,0.17409,1
9.132,0.25219,1
9.2177,0.60604,1
9.0882,0.65456,1
9.1,0.82491,1
9.1495,1.1549,1
9.2279,1.226,0
9.0332,1.5998,0
9.0105,1.8257,0
9.1003,1.8781,0
9.1489,2.0704,0
9.2299,2.2017,0
9.0734,2.524,0
9.1363,2.8471,0
9.1954,2.9845,0
9.0818,3.0777,0
9.0238,3.3501,0
9.1104,3.5954,0
9.0073,3.6279,0
9.1688,3.9448,0
9.0279,4.2176,0
9.0499,4.3724,0
9.1325,4.4607,0
9.1568,4.6857,0
9.0934,4.9364,0
9.1516,5.0169,0
9.2116,5.3026,0
9.1755,5.4594,0
9.0982,5.7222,0
9.143,6.0015,0
9.0624,6.0945,0
9.1818,6.3295,0
9.0858,6.4236,0
9.0197,6.8273,0
9.0756,6.8519,0
9.0751,7.0955,0
9.0058,7.3651,0
9.044,7.5896,0
9.2152,7.6433,0
9.164,7.9293,0
9.2141,8.2488,0
9.0677,8.3769,0
9.224,8.4201,0
9.0522,8.6108,0
9.241,8.9228,0
9.1036,9.1116,0
9.0574,9.3217,0
9.2046,9.4415,0
9.0901,9.6902,0
9.1254,10.02,0
9.1869,10.186,0
9.408,0.10419,1
9.2986,0.42684,1
9.2242,0.42358,1
9.2663,0.64533,1
9.398,1.0366,1
9.4342,1.0252,0
9.3421,1.297,0
9.4345,1.4723,0
9.3493,1.6183,0
9.447,1.8487,0
9.3906,2.1044,0
9.2464,2.2732,0
9.3292,2.5755,0
9.36,2.6599,0
9.4172,3.0399,0
9.35,3.0764,0
9.4499,3.2387,0
9.2323,3.5389,0
9.2733,3.7976,0
9.3192,3.911,0
9.2324,4.249,0
9.257,4.3091,0
9.2453,4.4761,0
9.368,4.6616,0
9.2814,5.0402,0
9.3976,5.0557,0
9.3365,5.2989,0
9.2576,5.4561,0
9.3717,5.6675,0
9.2123,5.9046,0
9.3431,6.2494,0
9.4484,6.4278,0
9.2907,6.5376,0
9.3397,6.7491,0
9.4318,6.8198,0
9.265,7.1442,0
9.4081,7.4245,0
9.2438,7.5158,0
9.42,7.6996,0
9.2699,7.8261,0
9.4124,8.1631,0
9.4017,8.4479,0
9.2473,8.5695,0
9.4446,8.7071,0
9.2634,8.9637,0
9.3946,9.1472,0
9.4027,9.3863,0
9.3245,9.5602,0
9.4289,9.7259,0
9.2252,10.035,0
9.234,10.151,0
9.6146,0.15973,1
9.4047,0.37566,1
9.5821,0.61524,1
9.6042,0.69492,1
9.4291,0.97803,0
9.5221,1.1309,0
9.4869,1.2909,0
9.5935,1.5087,0
9.4713,1.7719,0
9.6061,1.8567,0
9.4433,2.2448,0
9.6159,2.4439,0
9.6315,2.4724,0
9.4478,2.6846,0
9.4126,3.0491,0
9.5371,3.1972,0
9.4024,3.3987,0
9.6071,3.5581,0
9.6271,3.8029,0
9.5763,3.912,0
9.4608,4.2077,0
9.5473,4.2317,0
9.6347,4.5283,0
9.6239,4.779,0
9.5516,4.862,0
9.5981,5.133,0
9.609,5.2956,0
9.54,5.6004,0
9.4002,5.7677,0
9.4628,6.0457,0
9.508,6.2342,0
9.5077,6.3441,0
9.6188,6.42,0
9.4169,6.7035,0
9.485,6.8452,0
9.4443,7.2489,0
9.4615,7.3301,0
9.582,7.6213,0
9.4721,7.7621,0
9.4593,7.9166,0
9.4349,8.0238,0
9.4552,8.442,0
9.6044,8.555,0
9.4946,8.639,0
9.5664,8.8996,0
9.634,9.2206,0
9.5066,9.3348,0
9.5513,9.5359,0
9.6424,9.7106,0
9.4912,9.8459,0
9.5661,10.062,0
9.6787,0.071278,1
9.8214,0.33238,1
9.6739,0.53996,1
9.6738,0.70379,0
9.8268,1.0264,0
9.7232,1.0763,0
9.6518,1.3624,0
9.6065,1.4722,0
9.6426,1.6638,0
9.6756,1.8895,0
9.8404,2.2015,0
9.7959,2.3347,0
9.7683,2.5475,0
9.8102,2.6578,0
9.7052,2.8255,0
9.7759,3.1612,0
9.7203,3.445,0
9.8051,3.4254,0
9.7093,3.647,0
9.815,3.8023,0
9.6022,4.2096,0
9.849,4.3203,0
9.6688,4.5171,0
9.6084,4.8271,0
9.638,4.9043,0
9.7199,5.136,0
9.8222,5.3748,0
9.6709,5.4198,0
9.796,5.7274,0
9.6426,5.9217,0
9.7828,6.214,0
9.6617,6.3536,0
9.6205,6.4294,0
9.8132,6.7517,0
9.7716,6.841,0
9.8395,7.0998,0
9.8463,7.3331,0
9.7337,7.6188,0
9.8265,7.7648,0
9.7192,7.9969,0
9.8224,8.0315,0
9.606,8.3312,0
9.6322,8.6249,0
9.7852,8.6273,0
9.6978,8.9586,0
9.6984,9.0202,0
9.7505,9.3028,0
9.606,9.5782,0
9.6969,9.6251,0
9.6142,10.002,0
9.7724,10.159,0
9.9301,0.22452,1
9.819,0.35546,1
9.9016,0.50365,0
9.9076,0.76189,0
9.9648,0.92232,0
9.8546,1.0234,0
9.8203,1.3593,0
9.9169,1.6376,0
9.9822,1.7191,0
9.9535,1.9507,0
10.025,2.1479,0
9.8632,2.2563,0
9.855,2.5671,0
9.859,2.6391,0
10.003,2.9936,0
9.9756,3.0533,0
10.02,3.2423,0
9.9778,3.5814,0
9.9653,3.664,0
9.9099,3.8407,0
9.9407,4.1564,0
10.048,4.2627,0
10.039,4.4657,0
9.8842,4.811,0
9.8389,4.8994,0
9.9043,5.0261,0
9.9386,5.2485,0
9.8074,5.4908,0
10.017,5.8186,0
10.024,5.9499,0
9.9243,6.0645,0
9.8523,6.2896,0
9.9804,6.6219,0
9.9749,6.8251,0
9.9152,6.912,0
9.8426,7.0672,0
9.9986,7.3385,0
10.022,7.4447,0
9.8356,7.8149,0
10.035,7.858,0
9.8001,8.042,0
9.9097,8.2067,0
9.8028,8.4806,0
9.8586,8.7388,0
9.9767,9.0061,0
9.9735,9.2011,0
9.8663,9.2061,0
9.8816,9.4929,0
9.8233,9.723,0
9.8104,9.9165,0
9.9898,10.01,0
10.081,0.15425,1
10.13,0.34451,0
10.238,0.4747,0
10.167,0.70892,0
10.118,0.83416,0
10.162,1.0749,0
10.166,1.3903,0
10.058,1.4088,0
10.201,1.6674,0
10.126,2.0491,0
10.109,2.1117,0
10.177,2.2382,0
10.139,2.6216,0
10.064,2.6078,0
10.019,2.829,0
10.147,3.0627,0
10.169,3.3899,0
10.147,3.6246,0
10.133,3.6559,0
10.118,3.9683,0
10.081,4.2047,0
10.108,4.4372,0
10.191,4.6186,0
10.249,4.6984,0
10.066,5.0342,0
10.198,5.1092,0
10.034,5.2406,0
10.009,5.4775,0
10.113,5.7703,0
10.141,6.0335,0
10.058,6.2368,0
10.036,6.3498,0
10.169,6.6372,0
10.089,6.701,0
10.128,6.8103,0
10.174,7.0735,0
10.149,7.208,0
10.127,7.6161,0
10.194,7.7081,0
10.171,7.8232,0
10.08,8.0344,0
10.208,8.2605,0
10.165,8.4558,0
10.147,8.8169,0
10.005,8.991,0
10.209,9.0862,0
10.028,9.2962,0
10.21,9.5487,0
10.084,9.7338,0
10.107,9.8834,0
10.198,10.214,0
